     0/149     16.1G   0.04302    0.1105    0.3758    0.5293         4       640    0.1371    0.1977   0.01339  0.005516   0.03314  0.008078   0.09555
     1/149     23.1G   0.02731   0.01267   0.06178    0.1018         3       640    0.5611    0.1488    0.0163   0.00873   0.03087  0.008037   0.07456
     2/149     23.1G   0.02549   0.01316   0.05465    0.0933         4       640    0.5016   0.09773   0.02042   0.01016   0.03166   0.00839    0.0526
     3/149     23.1G   0.02393   0.01312   0.05156   0.08861         2       640    0.6504   0.09952   0.04475   0.02193   0.02699  0.007909   0.04324
     4/149     23.1G   0.02238   0.01292   0.04741    0.0827         4       640    0.6151    0.1273   0.06246   0.03086   0.02577  0.007937   0.04137
     5/149     23.1G   0.02178   0.01271    0.0443   0.07879         1       640    0.5495    0.1756   0.07746   0.03869    0.0271  0.008045   0.04099
     6/149     23.1G   0.02166    0.0127   0.04267   0.07702         4       640    0.4931    0.1962    0.1022   0.05503   0.02656  0.007573   0.03579
     7/149     23.1G   0.02136   0.01263   0.04012    0.0741         4       640    0.6043     0.183    0.1287   0.06906   0.02497  0.007431   0.03491
     8/149     23.1G   0.02118   0.01241   0.03862   0.07221         1       640    0.6664    0.1583    0.1475   0.07876   0.02949  0.007726   0.03264
     9/149     23.1G   0.02101   0.01223   0.03732   0.07056         4       640    0.5592    0.2408    0.1761   0.09951   0.02605  0.007376    0.0307
    10/149     23.1G   0.02113   0.01225   0.03689   0.07027         3       640    0.5112    0.2252    0.1654   0.08997   0.02641  0.007541   0.03497
    11/149     23.1G    0.0209   0.01221   0.03666   0.06978         4       640    0.5606    0.2532    0.2093    0.1223   0.02614  0.007278   0.03036
    12/149     23.1G   0.02095   0.01217   0.03608    0.0692         6       640    0.5376    0.2288    0.1723   0.09502   0.02656  0.007441   0.03428
    13/149     23.1G   0.02092   0.01224   0.03569   0.06885         1       640    0.4854    0.3154     0.223     0.124   0.02504  0.007202   0.02995
    14/149     23.1G   0.02055   0.01193   0.03437   0.06685         1       640    0.5417    0.2959    0.2319    0.1352   0.02532  0.007176   0.02922
    15/149     23.1G   0.02061   0.01187   0.03344   0.06592         6       640    0.4697    0.3307    0.2446    0.1406   0.02519   0.00714   0.02906
    16/149     23.1G    0.0208   0.01184   0.03304   0.06567         4       640    0.3838    0.3854     0.254    0.1474   0.02578  0.007122   0.02766
    17/149     23.1G   0.02051   0.01172   0.03299   0.06523         3       640    0.4854    0.3379    0.2799     0.162   0.02319  0.007033   0.02542
    18/149     23.1G   0.02046   0.01162   0.03234   0.06441         2       640    0.4652    0.3847    0.2858     0.165   0.02425  0.007017   0.02657
    19/149     23.1G   0.02029   0.01212   0.03119   0.06361        21       640    0.4431    0.3862    0.3003    0.1732   0.02355   0.00699   0.02433
    20/149     23.1G   0.02048   0.01177   0.03135   0.06361         2       640    0.3761    0.4428    0.3037    0.1753   0.02355  0.007032   0.02426
    21/149     23.1G    0.0202   0.01163   0.03047    0.0623         2       640    0.5227    0.3547    0.3236    0.1904   0.02379  0.006992   0.02638
    22/149     23.1G   0.02043   0.01171   0.03043   0.06258         3       640    0.4738     0.349    0.3207    0.1904   0.02443  0.006821   0.02483
    23/149     23.1G   0.02025   0.01162   0.03029   0.06215         5       640     0.465    0.3941    0.3216    0.1891   0.02349  0.006975   0.02499
    24/149     23.1G   0.02015   0.01154   0.02957   0.06126         4       640    0.4033     0.479    0.3463    0.2054    0.0239  0.006902   0.02377
    25/149     23.1G   0.01993   0.01154    0.0292   0.06066         3       640    0.5318    0.4092    0.3662    0.2158   0.02295  0.006905   0.02356
    26/149     23.1G   0.02003    0.0116   0.02841   0.06004         3       640    0.5182    0.4143    0.3593    0.2111   0.02447  0.006814   0.02295
    27/149     23.1G   0.02018   0.01123   0.02859   0.06001         9       640    0.5078    0.4274    0.3799    0.2224   0.02434  0.006837   0.02267
    28/149     23.1G   0.01997   0.01139   0.02825   0.05961         4       640    0.5153      0.44    0.3877    0.2312   0.02252  0.006727   0.02281
    29/149     23.1G   0.01964   0.01134   0.02756   0.05854         1       640    0.5535    0.4278    0.4052    0.2439   0.02297  0.006717   0.02279
    30/149     23.1G   0.01981   0.01126   0.02693     0.058         2       640    0.4895     0.457    0.4015    0.2415   0.02256  0.006621   0.02094
    31/149     23.1G   0.01969   0.01129   0.02699   0.05796         4       640    0.4433    0.5021    0.4278    0.2591   0.02262  0.006716   0.02176
    32/149     23.1G   0.01965   0.01138   0.02743   0.05847         4       640    0.4792    0.4775    0.4248    0.2561   0.02251  0.006676   0.02106
    33/149     23.1G   0.01965   0.01141   0.02753   0.05859         5       640    0.5427    0.4479    0.4311    0.2578   0.02291  0.006547   0.02218
    34/149     23.1G   0.01974   0.01127   0.02706   0.05807         2       640    0.5063    0.4812    0.4293    0.2606   0.02243  0.006603   0.02141
    35/149     23.1G    0.0197   0.01116   0.02656   0.05742         2       640    0.5056    0.4834    0.4329    0.2626   0.02277  0.006598   0.02207
    36/149     23.1G   0.01952   0.01112   0.02559   0.05622         4       640    0.4621    0.5258    0.4442    0.2678   0.02292  0.006479   0.02096
    37/149     23.1G   0.01951   0.01134   0.02561   0.05647         4       640     0.503    0.5063    0.4518    0.2749   0.02281  0.006507   0.02091
    38/149     23.1G   0.01965   0.01105   0.02612   0.05682         4       640    0.4892    0.5474    0.4707    0.2876   0.02266  0.006544   0.02072
    39/149     23.1G   0.01963   0.01129   0.02596   0.05688         7       640    0.4449    0.6039    0.4861     0.294   0.02289  0.006465   0.02072
    40/149     23.1G   0.01957   0.01113   0.02481   0.05551         4       640    0.4651    0.5875    0.4816    0.2952   0.02296  0.006517   0.02038
    41/149     23.1G   0.01948   0.01109    0.0252   0.05577         2       640    0.5892    0.4847    0.4838    0.2936   0.02259  0.006566   0.02014
    42/149     23.1G   0.01922   0.01099   0.02514   0.05536         1       640     0.399    0.6516    0.4957    0.3034   0.02164  0.006491   0.01956
    43/149     23.1G   0.01931   0.01105   0.02442   0.05477         1       640    0.4368    0.6105    0.4964    0.3003   0.02179  0.006498   0.01941
    44/149     23.1G   0.01916   0.01094   0.02403   0.05413         5       640    0.5902    0.4813    0.4968    0.2997   0.02189  0.006467   0.01901
    45/149     23.1G    0.0192   0.01105   0.02439   0.05464         2       640    0.5887    0.5203    0.5029    0.3032    0.0221  0.006502   0.01934
    46/149     23.1G   0.01919    0.0109   0.02395   0.05404         3       640    0.5611      0.54    0.5047    0.3086   0.02209  0.006463   0.01891
    47/149     23.1G   0.01914   0.01106   0.02414   0.05435         1       640    0.5542    0.5379    0.5008    0.3053   0.02238  0.006475    0.0192
    48/149     23.1G   0.01946   0.01099   0.02383   0.05427         4       640      0.51    0.5696    0.5081    0.3127   0.02224   0.00651   0.01954
    49/149     23.1G   0.01925   0.01084   0.02427   0.05436         2       640    0.4806    0.5757    0.5101    0.3128   0.02208  0.006444   0.01908
    50/149     23.1G   0.01931   0.01093   0.02384   0.05408         4       640    0.4799    0.6039    0.5164    0.3166   0.02171  0.006466   0.01933
    51/149     23.1G   0.01931   0.01084   0.02338   0.05354         1       640    0.5465    0.5531    0.5171    0.3195   0.02206  0.006462   0.01864
    52/149     23.1G   0.01902   0.01082   0.02356   0.05339         2       640    0.5226    0.5786    0.5199    0.3226   0.02198  0.006426   0.01866
    53/149     23.1G   0.01904   0.01084   0.02333   0.05321         2       640    0.4921    0.6029    0.5328    0.3335   0.02206  0.006428   0.01873
    54/149     23.1G   0.01909   0.01074   0.02304   0.05287         3       640    0.6108    0.5478    0.5397    0.3343   0.02209  0.006434   0.01876
    55/149     23.1G   0.01903   0.01075   0.02305   0.05282         1       640    0.6203    0.5317    0.5465    0.3368   0.02211  0.006421    0.0187
    56/149     23.1G   0.01902   0.01077   0.02313   0.05291         3       640    0.6369    0.5285    0.5384    0.3311   0.02172   0.00643   0.01847
    57/149     23.1G   0.01898   0.01071   0.02261    0.0523         2       640    0.5918    0.5444    0.5497    0.3418    0.0217  0.006448   0.01806
    58/149     23.1G   0.01892   0.01061    0.0224   0.05194         1       640    0.6471    0.4972    0.5462    0.3353   0.02161  0.006459   0.01787
    59/149     23.1G   0.01899   0.01076   0.02232   0.05206         1       640    0.5866    0.5341    0.5512    0.3381   0.02178  0.006428   0.01781
    60/149     23.1G     0.019   0.01063   0.02233   0.05196         6       640    0.4656    0.6375    0.5448    0.3366   0.02188  0.006402   0.01773
    61/149     23.1G   0.01902   0.01059   0.02235   0.05196         4       640     0.556    0.5709    0.5497    0.3384   0.02176  0.006402   0.01788
    62/149     23.1G   0.01872   0.01069   0.02223   0.05164         2       640    0.4838    0.6346    0.5477    0.3389   0.02176  0.006406   0.01799
    63/149     23.1G    0.0187   0.01055   0.02191   0.05117         2       640    0.5145    0.6036    0.5445    0.3365   0.02164  0.006396   0.01796
    64/149     23.1G   0.01869   0.01061   0.02156   0.05086        10       640    0.5282    0.5969    0.5497    0.3379   0.02157  0.006398   0.01793
    65/149     23.1G   0.01865   0.01057   0.02127   0.05049         1       640    0.4973    0.6289    0.5458    0.3378   0.02153  0.006389   0.01798
    66/149     23.1G   0.01858   0.01052   0.02175   0.05084         4       640    0.4895    0.6392    0.5409    0.3359    0.0214  0.006395   0.01811
    67/149     23.1G   0.01873   0.01064   0.02179   0.05117         1       640    0.4709    0.6457    0.5422    0.3371   0.02135  0.006388   0.01828
    68/149     23.1G   0.01869   0.01059   0.02102    0.0503         1       640    0.4763    0.6405    0.5493     0.341   0.02134  0.006382   0.01833
    69/149     23.1G   0.01858   0.01048   0.02074    0.0498         2       640    0.4665    0.6459    0.5454    0.3403   0.02135  0.006382   0.01824
    70/149     23.1G   0.01859   0.01038   0.02047   0.04945         2       640    0.4879    0.6318    0.5516     0.344   0.02139  0.006378   0.01804
    71/149     23.1G   0.01852   0.01049    0.0209   0.04991         1       640     0.508    0.6247    0.5531    0.3458   0.02139  0.006379   0.01794
    72/149     23.1G   0.01846   0.01049   0.02134   0.05029         2       640    0.4912    0.6371    0.5527    0.3447   0.02137  0.006376   0.01789
    73/149     23.1G   0.01846   0.01039   0.02049   0.04935         2       640    0.4842    0.6458     0.556    0.3479   0.02139  0.006381   0.01789
    74/149     23.1G   0.01838   0.01028   0.02028   0.04894         2       640    0.5224    0.5962     0.555    0.3476   0.02137  0.006389   0.01787
    75/149     23.1G   0.01844   0.01045   0.02045   0.04934         4       640    0.5252     0.595    0.5559    0.3478   0.02135  0.006395   0.01785
    76/149     23.1G   0.01829   0.01021   0.01997   0.04847         1       640    0.4663    0.6798    0.5571     0.349   0.02132    0.0064   0.01783
    77/149     23.1G   0.01839   0.01033   0.01941   0.04813         2       640    0.4737     0.668    0.5548    0.3473   0.02129  0.006407   0.01778
    78/149     23.1G   0.01823   0.01024   0.02024   0.04871         4       640    0.4669    0.6768    0.5561    0.3478   0.02126  0.006407   0.01769
    79/149     23.1G   0.01821   0.01023   0.02004   0.04847         3       640    0.4546    0.6851    0.5563     0.348   0.02121  0.006411   0.01761
    80/149     23.1G   0.01831   0.01022   0.01917    0.0477         6       640    0.4517    0.6866     0.558    0.3505   0.02119  0.006413   0.01754
    81/149     23.1G    0.0183   0.01025   0.01935    0.0479         3       640    0.5257    0.6136     0.558    0.3503   0.02116  0.006417   0.01753
    82/149     23.1G   0.01815   0.01009   0.01935   0.04759         1       640    0.5206    0.6137    0.5629    0.3539   0.02115  0.006422   0.01751
    83/149     23.1G   0.01804   0.01022   0.01908   0.04735         1       640    0.5034    0.6197    0.5628    0.3528   0.02113  0.006426   0.01751
    84/149     23.1G   0.01799   0.01008   0.01874   0.04681         2       640    0.5021    0.6219    0.5671    0.3556   0.02112  0.006428   0.01752
    85/149     23.1G   0.01805    0.0102   0.01895    0.0472         7       640     0.499    0.6183    0.5678    0.3559    0.0211  0.006427   0.01751
    86/149     23.1G   0.01808   0.01018   0.01869   0.04695         4       640    0.4515    0.6896    0.5666     0.355   0.02109  0.006427   0.01751
    87/149     23.1G   0.01778   0.01007   0.01824   0.04609         1       640     0.452    0.6911     0.569    0.3562   0.02108  0.006429   0.01748
    88/149     23.1G   0.01774   0.01005   0.01824   0.04603         4       640    0.4549    0.6874    0.5743    0.3586   0.02107  0.006433   0.01742
    89/149     23.1G   0.01796   0.01001   0.01826   0.04623         3       640    0.4565    0.6869    0.5691    0.3551   0.02107  0.006435   0.01735
    90/149     23.1G   0.01784   0.01001   0.01824   0.04609         1       640    0.4551    0.6899    0.5707    0.3564   0.02107  0.006435   0.01735
    91/149     23.1G   0.01789   0.00997   0.01808   0.04594         1       640    0.4568    0.6855    0.5715    0.3566   0.02105  0.006437   0.01735
    92/149     23.1G   0.01777  0.009986   0.01766   0.04542         2       640    0.4589    0.6868    0.5837    0.3651   0.02105  0.006439   0.01733
    93/149     23.1G   0.01784  0.009981   0.01822   0.04604         4       640    0.4567    0.6908     0.584    0.3653   0.02105   0.00644   0.01732
    94/149     23.1G   0.01781   0.01011   0.01825   0.04617         4       640    0.4579    0.6919    0.5803    0.3628   0.02104  0.006443    0.0173
    95/149     23.1G    0.0177  0.009842   0.01778   0.04532         4       640    0.4574    0.6915    0.5801    0.3629   0.02104  0.006447   0.01727
    96/149     23.1G   0.01773  0.009926    0.0173   0.04495         6       640    0.4577    0.6904    0.5806    0.3634   0.02105  0.006449   0.01725
    97/149     23.1G   0.01761   0.00992   0.01745   0.04498        11       640    0.4572    0.6895    0.5794    0.3629   0.02105  0.006451   0.01723
    98/149     23.1G   0.01744  0.009837   0.01703   0.04431         7       640    0.4582    0.6889      0.58    0.3619   0.02105  0.006452    0.0172
    99/149     23.1G   0.01759  0.009812   0.01676   0.04416         1       640    0.4603    0.6872    0.5794     0.362   0.02105  0.006453   0.01716
   100/149     23.1G   0.01761  0.009795   0.01682   0.04423         1       640     0.462    0.6859    0.5798    0.3617   0.02104  0.006456   0.01713
   101/149     23.1G   0.01747  0.009728   0.01663   0.04383         4       640    0.4629    0.6845    0.5835    0.3641   0.02104  0.006459    0.0171
   102/149     23.1G   0.01739  0.009736   0.01651   0.04364         1       640    0.4653    0.6837    0.5852    0.3651   0.02103  0.006461   0.01706
   103/149     23.1G   0.01732  0.009597   0.01645   0.04337         4       640    0.4679    0.6828    0.5858    0.3657   0.02102  0.006463   0.01703
   104/149     23.1G   0.01729  0.009676     0.016   0.04297         3       640      0.47      0.68    0.5867    0.3666   0.02101  0.006464   0.01702
   105/149     23.1G   0.01721  0.009585   0.01583   0.04263         9       640    0.4714    0.6794    0.5877    0.3671   0.02101  0.006466   0.01702
   106/149     23.1G   0.01722  0.009552   0.01536   0.04213         4       640    0.4737    0.6742    0.5914    0.3712     0.021  0.006468   0.01699
   107/149     23.1G   0.01714  0.009569   0.01554   0.04225         3       640     0.473    0.6745    0.5924    0.3721   0.02099   0.00647   0.01696
   108/149     23.1G   0.01715  0.009583   0.01528     0.042         2       640    0.4767    0.6714    0.5994    0.3773   0.02099  0.006473   0.01692
   109/149     23.1G   0.01717  0.009567    0.0158   0.04254         6       640    0.4769    0.6691    0.5948    0.3726   0.02097  0.006474    0.0169
   110/149     23.1G   0.01714  0.009632    0.0156   0.04237         8       640    0.4779    0.6669    0.5957    0.3741   0.02096  0.006475   0.01687
   111/149     23.1G   0.01719  0.009501   0.01573   0.04242         1       640    0.4825    0.6644    0.5958    0.3735   0.02095  0.006477   0.01683
   112/149     23.1G     0.017  0.009518   0.01514   0.04166         1       640     0.488    0.6573    0.5951    0.3734   0.02093   0.00648   0.01682
   113/149     23.1G   0.01694  0.009371   0.01516   0.04147         2       640    0.4907    0.6589    0.5957    0.3733   0.02092  0.006484   0.01681
   114/149     23.1G   0.01681  0.009345    0.0148   0.04095         2       640    0.4935     0.657    0.5963    0.3747   0.02091  0.006487    0.0168
   115/149     23.1G   0.01704  0.009398   0.01431   0.04074         4       640    0.4961    0.6546    0.5938    0.3721    0.0209   0.00649   0.01677
   116/149     23.1G   0.01687  0.009289   0.01435   0.04051         4       640    0.4952     0.656    0.5991    0.3759    0.0209  0.006493   0.01676
   117/149     23.1G   0.01692  0.009347   0.01473     0.041         5       640    0.4977    0.6517    0.6001    0.3763   0.02089  0.006497   0.01675
   118/149     23.1G   0.01683    0.0093   0.01451   0.04063         2       640    0.4966    0.6506    0.5999    0.3754   0.02088  0.006501   0.01675
   119/149     23.1G   0.01669  0.009155   0.01418   0.04002         1       640    0.4933    0.6541    0.5999    0.3754   0.02088  0.006506   0.01674
   120/149     23.1G   0.01659  0.009242   0.01395   0.03978         2       640    0.4859     0.668    0.6003    0.3767   0.02088   0.00651   0.01671
   121/149     23.1G   0.01677  0.009202   0.01418   0.04015         2       640    0.4895    0.6615    0.6011    0.3778   0.02088  0.006514    0.0167
   122/149     23.1G    0.0166  0.009167   0.01441   0.04018         1       640    0.4897    0.6606    0.6014    0.3792   0.02088  0.006518    0.0167
   123/149     23.1G   0.01665  0.009183   0.01344   0.03927         4       640    0.4951    0.6516     0.603      0.38   0.02088  0.006522   0.01669
   124/149     23.1G   0.01644  0.009081   0.01353   0.03905         5       640    0.5081    0.6472    0.6032    0.3803   0.02088  0.006527   0.01668
   125/149     23.1G   0.01653  0.009138   0.01341   0.03907         8       640    0.5098    0.6453    0.6043    0.3805   0.02088  0.006532   0.01666
   126/149     23.1G   0.01646   0.00895   0.01318   0.03858         2       640    0.5079    0.6472    0.6052    0.3805   0.02088  0.006536   0.01666
   127/149     23.1G   0.01653  0.009069   0.01313   0.03874         1       640    0.5172    0.6349    0.6063    0.3812   0.02087  0.006541   0.01665
   128/149     23.1G    0.0164   0.00907   0.01286   0.03833         2       640    0.5209    0.6327    0.6071    0.3827   0.02087  0.006546   0.01666
   129/149     23.1G   0.01645  0.009066    0.0129   0.03841         1       640    0.5464    0.6256     0.608    0.3829   0.02087  0.006551   0.01665
   130/149     23.1G   0.01637  0.009073   0.01285   0.03829         2       640    0.5346    0.6311    0.6089    0.3835   0.02086  0.006556   0.01664
   131/149     23.1G   0.01634  0.008865   0.01291   0.03812         3       640    0.5375    0.6301    0.6083    0.3832   0.02085  0.006561   0.01664
   132/149     23.1G   0.01631   0.00903    0.0126   0.03794         3       640    0.5377    0.6307    0.6104    0.3849   0.02085  0.006566   0.01661
   133/149     23.1G   0.01626  0.008872   0.01231   0.03744         5       640    0.5377    0.6304    0.6181    0.3908   0.02084  0.006571   0.01659
   134/149     23.1G   0.01618  0.008909    0.0124   0.03749         2       640    0.5389    0.6289    0.6191    0.3909   0.02083  0.006576   0.01658
   135/149     23.1G   0.01626  0.008904   0.01251   0.03767         5       640    0.5434    0.6297    0.6212    0.3928   0.02083  0.006581   0.01657
   136/149     23.1G   0.01627  0.008847   0.01255   0.03767         1       640    0.5447    0.6278    0.6216    0.3931   0.02083  0.006586   0.01657
   137/149     23.1G    0.0161  0.008797   0.01213   0.03703         1       640    0.5442    0.6284    0.6203    0.3923   0.02083  0.006591   0.01656
   138/149     23.1G   0.01615   0.00882   0.01233    0.0373         1       640    0.5441    0.6285    0.6205    0.3937   0.02083  0.006596   0.01655
   139/149     23.1G   0.01628  0.008817   0.01228   0.03738         5       640    0.5438    0.6289    0.6208    0.3942   0.02082  0.006601   0.01655
   140/149     23.1G   0.01605   0.00887   0.01212   0.03703        14       640    0.5412      0.63    0.6203    0.3942   0.02082  0.006606   0.01656
   141/149     23.1G   0.01608  0.008801   0.01218   0.03706         1       640    0.5495    0.6166    0.6206    0.3947   0.02082  0.006612   0.01655
   142/149     23.1G   0.01613  0.008752   0.01175   0.03663         1       640    0.5513    0.6157    0.6204    0.3945   0.02082  0.006618   0.01654
   143/149     23.1G   0.01599   0.00876   0.01159   0.03634         1       640     0.555    0.6135    0.6213    0.3949   0.02081  0.006623   0.01653
   144/149     23.1G   0.01599  0.008747   0.01184   0.03657         2       640    0.5575    0.6095    0.6213    0.3949    0.0208  0.006627   0.01652
   145/149     23.1G   0.01605  0.008698   0.01156   0.03631         2       640    0.5613    0.6087    0.6223    0.3955    0.0208  0.006633   0.01651
   146/149     23.1G   0.01585  0.008641   0.01164   0.03613         3       640    0.5648    0.6076    0.6225    0.3954    0.0208  0.006638    0.0165
   147/149     23.1G   0.01593  0.008677    0.0116   0.03621         1       640    0.5769     0.607    0.6232    0.3953   0.02079  0.006642    0.0165
   148/149     23.1G   0.01597  0.008607   0.01141   0.03598         2       640    0.4897    0.6736    0.6233    0.3953   0.02079  0.006648   0.01649
   149/149     23.1G   0.01599  0.008685   0.01172   0.03639         2       640    0.4964    0.6642    0.6231    0.3954   0.02078  0.006652   0.01647
