     0/149     20.4G   0.04268    0.1125    0.3726    0.5277         2       640   0.03856    0.2449    0.0131  0.005524   0.03164  0.008268    0.1018
     1/149       22G   0.02933   0.01275   0.07222    0.1143         2       640   0.03192  0.003049 5.227e-07 7.322e-08   0.09795      5.19    0.7792
     2/149       22G   0.03237    0.0145   0.05743    0.1043         1       640  0.004999    0.1925  0.008079  0.003782   0.04647    0.0111   0.05393
     3/149       22G   0.02839   0.01423    0.0448   0.08742         5       640    0.2176    0.2149   0.01135  0.005426   0.04138   0.01015   0.05368
     4/149       22G   0.02591   0.01424   0.04034    0.0805         0       640    0.5413   0.08643   0.01668  0.008059   0.03735  0.009792   0.05037
     5/149       22G   0.02718    0.0139   0.04041   0.08149         5       640    0.4603   0.07192   0.02189    0.0113   0.03748  0.009666    0.0501
     6/149       22G   0.02578   0.01377   0.03933   0.07888         8       640    0.5865   0.06373   0.03136   0.01552    0.0362  0.009258    0.0481
     7/149       22G   0.02914   0.01371   0.04032   0.08317         1       640    0.4966   0.08438   0.03809   0.01973   0.03777  0.009025   0.04922
     8/149       22G   0.02881   0.01342   0.03939   0.08163         2       640    0.4972   0.09939    0.0428   0.02149   0.03599  0.008918    0.0455
     9/149       22G   0.03076   0.01347    0.0402   0.08444         1       640    0.4719    0.1252   0.05454   0.02806   0.03504  0.008731   0.04583
    10/149       22G   0.02963   0.01341   0.03848   0.08152         1       640     0.567   0.09626   0.06522   0.03315   0.03882  0.008724     0.044
    11/149       22G   0.02822   0.01331   0.03798   0.07951         2       640    0.4493    0.1119   0.06772   0.03521    0.0372  0.008787   0.04472
    12/149       22G   0.02942   0.01319   0.03706   0.07967         5       640    0.4531    0.1417   0.08809     0.045   0.03385  0.008669   0.04221
    13/149       22G   0.02837   0.01304   0.03644   0.07786         4       640    0.4962    0.1162   0.08748   0.04537   0.03611  0.008451   0.04411
    14/149       22G   0.02935   0.01298   0.03664   0.07897         1       640    0.5017    0.1423    0.1097   0.05837   0.03452  0.008335   0.04267
    15/149       22G   0.02973    0.0129   0.03623   0.07887         3       640    0.5581    0.1378    0.1133   0.06137    0.0349   0.00847   0.04149
    16/149       22G   0.02696   0.01296   0.03533   0.07525         2       640    0.4095     0.143   0.07249   0.03725   0.04801  0.009026   0.04489
    17/149       22G   0.02338   0.01355   0.03764   0.07457         2       640     0.687    0.1141    0.1057   0.05308   0.04496  0.008483   0.04068
    18/149       22G   0.02684   0.01357   0.03756   0.07797         4       640    0.4536   0.07459   0.04064   0.01974   0.04993   0.01001   0.04961
    19/149       22G   0.02082   0.01357   0.03322   0.06762         5       640     0.528     0.123    0.1033   0.05325   0.04887  0.008472    0.0434
    20/149       22G   0.01983   0.01331   0.03161   0.06475         4       640    0.5263    0.1619    0.1322   0.06924   0.04837  0.008304   0.04092
    21/149       22G   0.01932   0.01306   0.03102    0.0634         2       640    0.5469    0.1608    0.1446   0.07584   0.04804  0.008187   0.03977
    22/149       22G   0.02109   0.01308   0.03168   0.06584         2       640    0.5305    0.1504    0.1481   0.07634   0.04773  0.008193   0.03956
    23/149       22G   0.02092    0.0129    0.0313   0.06512         2       640    0.3405    0.2592    0.1571   0.08193   0.04751  0.008105    0.0389
    24/149       22G   0.02143   0.01291   0.03105   0.06539         1       640    0.4523     0.205    0.1722   0.09066   0.04707  0.008026    0.0377
    25/149       22G    0.0207   0.01281    0.0301   0.06362         4       640    0.4363    0.2123    0.1777   0.09468   0.04692  0.008043   0.03787
    26/149       22G   0.02177   0.01276   0.03081   0.06534        10       640    0.4686    0.1907    0.1825   0.09396   0.04677  0.007929   0.03698
    27/149       22G   0.02068   0.01254   0.02968    0.0629         4       640    0.3369    0.2898    0.1939    0.1015   0.04662  0.007806    0.0365
    28/149       22G    0.0227    0.0126   0.03028   0.06558         1       640    0.4434     0.236    0.2102    0.1096   0.04635  0.007774   0.03617
    29/149       22G   0.02178   0.01254   0.02966   0.06399         2       640    0.4166    0.2925    0.2249    0.1244    0.0462  0.007762    0.0356
    30/149       22G   0.02527    0.0125   0.03116   0.06893         1       640     0.424    0.2837    0.2248    0.1215   0.04578  0.007748   0.03514
    31/149       22G   0.02687   0.01281   0.03528   0.07495         2       640    0.3704    0.1324   0.07481   0.03866   0.05235  0.009872    0.0511
    32/149       22G   0.02607   0.01324   0.03865   0.07797         3       640    0.4525    0.2216    0.1893    0.1017   0.04746  0.008128   0.03659
    33/149       22G   0.02599   0.01293   0.03648   0.07541         1       640    0.4121     0.261    0.2076    0.1126   0.04728   0.00801   0.03652
    34/149       22G   0.02753   0.01302   0.03775    0.0783         6       640    0.3348    0.3201    0.2217    0.1219   0.04241  0.008075   0.03586
    35/149       22G   0.02736   0.01299   0.03865   0.07899         4       640    0.3835    0.2848     0.219    0.1187   0.04236  0.008043   0.03606
    36/149       22G   0.02659   0.01282   0.03843   0.07784         2       640     0.504    0.2209    0.2091    0.1137   0.04546  0.008032    0.0367
    37/149       22G   0.02762   0.01287   0.03778   0.07827         2       640    0.4124    0.2874    0.2386      0.13   0.04497  0.007858   0.03712
    38/149       22G   0.02649   0.01282   0.03768   0.07699         1       640    0.3768     0.307    0.2384    0.1303   0.04463  0.007848    0.0356
    39/149       22G   0.02747   0.01302   0.03845   0.07894         2       640    0.5277    0.2293    0.2359    0.1306   0.04222  0.007935   0.03734
    40/149       22G   0.02679   0.01284   0.03671   0.07634         7       640    0.4511    0.2167    0.1987    0.1081   0.04451  0.008205   0.04082
    41/149       22G   0.02757   0.01313   0.03815   0.07885         2       640    0.3977      0.26    0.2287    0.1225   0.04473  0.007981   0.03655
    42/149       22G   0.02792   0.01286   0.03817   0.07895        10       640    0.4657     0.249    0.2436     0.134     0.043  0.007915   0.03548
    43/149       22G   0.02705   0.01264   0.03768   0.07737         4       640    0.4381    0.2834    0.2566    0.1424   0.04209  0.007848    0.0345
    44/149       22G   0.02641   0.01276   0.03709   0.07625         8       640    0.3807    0.3287     0.266     0.149   0.04171  0.007828   0.03389
    45/149       22G   0.02794   0.01278   0.03527   0.07599         0       640    0.4445    0.2896    0.2683    0.1504   0.04101  0.007753   0.03375
    46/149       22G   0.02727   0.01264   0.03712   0.07704         4       640    0.3806    0.3412    0.2786     0.156   0.04104  0.007715   0.03403
    47/149       22G   0.02622    0.0125   0.03592   0.07464         8       640    0.3963    0.3436    0.2824    0.1609   0.04118  0.007653   0.03408
    48/149       22G   0.02688   0.01263   0.03653   0.07604         8       640    0.3813    0.3803    0.2944     0.167   0.04019  0.007664   0.03398
    49/149       22G   0.02742   0.01235   0.03615   0.07591         1       640    0.3732    0.4065    0.2982    0.1704   0.03849  0.007648   0.03403
    50/149       22G   0.02657   0.01242   0.03536   0.07435         2       640    0.3848    0.3943    0.3071    0.1729   0.04023  0.007586   0.03368
    51/149       22G   0.02588    0.0125   0.03578   0.07417         2       640    0.4475    0.3381    0.3096    0.1755   0.04073  0.007559   0.03328
    52/149       22G   0.02577   0.01247   0.03561   0.07385         4       640    0.3865    0.3954    0.3126    0.1771   0.04234  0.007543   0.03296
    53/149       22G   0.02536   0.01239   0.03519   0.07294         4       640    0.3854    0.3826    0.3133    0.1786    0.0416  0.007533   0.03303
    54/149       22G   0.02656   0.01226   0.03581   0.07464         1       640    0.3994    0.3829    0.3223    0.1844   0.04172  0.007501   0.03313
    55/149       22G   0.02539   0.01251   0.03581   0.07371         3       640    0.3885     0.378    0.3277    0.1886   0.04148   0.00752   0.03317
    56/149       22G   0.02575   0.01233   0.03587   0.07395         2       640     0.393     0.413    0.3316    0.1892   0.04033  0.007536   0.03313
    57/149       22G   0.02594   0.01245   0.03582   0.07421         2       640    0.3933    0.4143    0.3317    0.1887   0.03916  0.007531   0.03291
    58/149       22G   0.02538   0.01224   0.03566   0.07328         2       640    0.3945    0.4062    0.3338    0.1906   0.03868  0.007504   0.03288
    59/149       22G   0.02581   0.01223   0.03599   0.07404         2       640    0.3986    0.3952    0.3331     0.192   0.03845  0.007493   0.03238
    60/149       22G   0.02551   0.01233    0.0363   0.07414         1       640    0.4178    0.3823     0.337    0.1936   0.03816  0.007473   0.03208
    61/149       22G   0.02568   0.01216   0.03551   0.07335         4       640    0.4323    0.3706    0.3434    0.1982   0.03787  0.007465   0.03177
    62/149       22G   0.02488    0.0122    0.0353   0.07238         5       640     0.457     0.356    0.3486    0.2005   0.03763   0.00745   0.03176
    63/149       22G   0.02516   0.01214   0.03513   0.07243         4       640    0.4379    0.3849    0.3533    0.2037   0.03752   0.00743   0.03154
    64/149       22G   0.02475   0.01205   0.03465   0.07145         1       640    0.4398     0.396    0.3567    0.2058   0.03766  0.007411   0.03126
    65/149       22G   0.02544   0.01212    0.0358   0.07336         1       640    0.4427    0.4032    0.3642    0.2077   0.03788  0.007392   0.03102
    66/149       22G   0.02508   0.01214   0.03507   0.07228         2       640    0.4598      0.39     0.367    0.2102   0.03744  0.007395    0.0309
    67/149       22G   0.02555   0.01214   0.03575   0.07344         8       640     0.459    0.3862    0.3685    0.2102   0.03736  0.007389   0.03091
    68/149       22G   0.02539   0.01198   0.03589   0.07326         5       640    0.4401    0.4039    0.3724    0.2126   0.03731  0.007385   0.03079
    69/149       22G   0.02476   0.01219   0.03482   0.07177         4       640    0.3882     0.432    0.3727    0.2136   0.03723  0.007378   0.03071
    70/149       22G   0.02515   0.01211   0.03497   0.07222         8       640    0.3998    0.4251    0.3793    0.2169   0.03716  0.007366   0.03063
    71/149       22G   0.02536   0.01206   0.03587   0.07329         4       640    0.4569    0.3985    0.3863    0.2222   0.03706  0.007357    0.0306
    72/149       22G   0.02443   0.01211   0.03536   0.07191         3       640    0.4478    0.3999    0.3875    0.2226    0.0371  0.007348   0.03056
    73/149       22G   0.02441     0.012   0.03454   0.07095         3       640    0.4487    0.4045    0.3897    0.2242   0.03705   0.00734   0.03052
    74/149       22G   0.02469   0.01192   0.03515   0.07177         4       640    0.4812    0.3884    0.3939    0.2265   0.03686  0.007332   0.03039
    75/149       22G    0.0245   0.01184   0.03546    0.0718         3       640    0.3944    0.4474    0.3946    0.2283   0.03679  0.007323   0.03029
    76/149       22G   0.02409   0.01179   0.03452    0.0704         2       640     0.406     0.437    0.3969    0.2295   0.03674  0.007312   0.03017
    77/149       22G   0.02472   0.01202   0.03538   0.07212         1       640    0.4138    0.4359    0.3972    0.2293   0.03661  0.007305    0.0301
    78/149       22G   0.02393   0.01192   0.03416      0.07         1       640    0.4307    0.4323    0.3981    0.2306   0.03644  0.007302   0.03005
    79/149       22G   0.02409   0.01193   0.03468    0.0707         9       640    0.4317    0.4315    0.3988    0.2309   0.03636  0.007295   0.03001
    80/149       22G   0.02361   0.01188   0.03383   0.06932         1       640    0.4557    0.4151    0.4003    0.2314   0.03627  0.007288   0.02998
    81/149       22G   0.02407   0.01192   0.03466   0.07065         3       640    0.4283    0.4386    0.4022    0.2326   0.03618  0.007281   0.02992
    82/149       22G   0.02371   0.01184   0.03376   0.06931         4       640    0.4706    0.4116    0.4024    0.2319   0.03609  0.007278   0.02986
    83/149       22G   0.02372   0.01189   0.03417   0.06978         5       640    0.4239    0.4444    0.4026    0.2323   0.03606  0.007274   0.02982
    84/149       22G   0.02419   0.01188   0.03403    0.0701         4       640    0.4266    0.4449    0.4048    0.2339     0.036  0.007272    0.0298
    85/149       22G   0.02389   0.01172   0.03403   0.06964         1       640    0.4112    0.4526     0.406     0.235   0.03588  0.007273   0.02978
    86/149       22G   0.02402   0.01177   0.03319   0.06898         3       640    0.4125    0.4592    0.4079    0.2359   0.03575  0.007273   0.02975
    87/149       22G   0.02359   0.01177   0.03391   0.06926         1       640    0.4157    0.4577    0.4115    0.2386   0.03569  0.007272   0.02973
    88/149       22G   0.02387   0.01171   0.03386   0.06944         3       640     0.417    0.4573     0.412    0.2381   0.03561  0.007271   0.02971
    89/149       22G   0.02422   0.01178    0.0341    0.0701         3       640    0.4479    0.4342    0.4135    0.2412   0.03553  0.007269   0.02969
    90/149       22G   0.02347    0.0118   0.03348   0.06874         6       640    0.4505    0.4319    0.4136    0.2415   0.03546  0.007269   0.02966
    91/149       22G   0.02345   0.01171   0.03337   0.06853         4       640    0.4511    0.4339    0.4143    0.2422   0.03539  0.007268   0.02962
    92/149       22G    0.0236   0.01168   0.03342    0.0687         1       640    0.4528    0.4315    0.4145    0.2423   0.03536  0.007267   0.02959
    93/149       22G   0.02329   0.01168   0.03288   0.06785         2       640    0.4158    0.4731    0.4207    0.2452   0.03531  0.007265   0.02954
    94/149       22G     0.024   0.01159   0.03299   0.06858         1       640    0.4322    0.4655    0.4229    0.2466   0.03526  0.007263   0.02951
    95/149       22G   0.02377   0.01161   0.03329   0.06867         2       640    0.4159    0.4808    0.4237    0.2469   0.03524  0.007261   0.02948
    96/149       22G   0.02377    0.0115   0.03302   0.06829         5       640     0.417    0.4826    0.4245     0.247   0.03521  0.007258   0.02943
    97/149       22G   0.02357   0.01138   0.03237   0.06732         1       640    0.4168    0.4836    0.4255    0.2478   0.03516  0.007258    0.0294
    98/149       22G   0.02329    0.0116   0.03302    0.0679         3       640    0.4176    0.4853    0.4265    0.2483   0.03511  0.007256   0.02936
    99/149       22G   0.02339   0.01143   0.03221   0.06703         7       640    0.4192    0.4819    0.4279    0.2484   0.03502  0.007255   0.02932
   100/149       22G   0.02294   0.01159   0.03208   0.06661         2       640     0.419    0.4902      0.43    0.2491     0.035  0.007253   0.02928
   101/149       22G   0.02321   0.01143   0.03202   0.06666         3       640    0.4197    0.4917     0.431      0.25   0.03498   0.00725   0.02923
   102/149       22G    0.0235   0.01153   0.03235   0.06738         5       640    0.4198    0.4952    0.4315    0.2501   0.03495  0.007248   0.02918
   103/149       22G   0.02321   0.01158   0.03251   0.06729         2       640    0.4216    0.4957    0.4321    0.2506   0.03488  0.007246   0.02914
   104/149       22G   0.02315    0.0115   0.03159   0.06624         1       640    0.4206    0.4993    0.4322    0.2509   0.03484  0.007245   0.02909
   105/149       22G   0.02332   0.01148    0.0322     0.067         4       640    0.4207    0.4998    0.4325     0.251   0.03479  0.007243   0.02903
   106/149       22G   0.02303   0.01136     0.032   0.06639         4       640    0.4249    0.4929     0.434     0.252   0.03474  0.007241   0.02897
   107/149       22G   0.02338   0.01145   0.03187    0.0667         1       640    0.4264    0.4923    0.4339    0.2522   0.03467   0.00724   0.02893
   108/149       22G    0.0229   0.01135   0.03166   0.06592         9       640    0.4259    0.4926    0.4358    0.2537    0.0346  0.007239   0.02889
   109/149       22G   0.02302   0.01125   0.03176   0.06603         2       640    0.4352    0.4824    0.4372    0.2545   0.03455  0.007239   0.02885
   110/149       22G   0.02283   0.01117   0.03148   0.06548         1       640    0.4375    0.4775    0.4381    0.2543    0.0345  0.007238   0.02882
   111/149       22G   0.02279    0.0113   0.03143   0.06551         8       640    0.4342    0.4858    0.4383    0.2545   0.03446  0.007237   0.02879
   112/149       22G     0.023   0.01139   0.03076   0.06515         4       640    0.4364    0.4898    0.4398     0.255   0.03442  0.007237   0.02876
   113/149       22G   0.02292   0.01138   0.03178   0.06609         3       640    0.4363    0.4949    0.4411    0.2558   0.03437  0.007236   0.02872
   114/149       22G   0.02301   0.01124   0.03128   0.06553         1       640    0.4353    0.4953    0.4419    0.2571   0.03434  0.007235   0.02868
   115/149       22G   0.02261    0.0113   0.03074   0.06464         4       640    0.4347    0.4999    0.4415    0.2566    0.0343  0.007234   0.02865
   116/149       22G   0.02241   0.01114    0.0308   0.06434         4       640    0.4509    0.4734    0.4424    0.2571   0.03427  0.007233   0.02861
   117/149       22G   0.02232   0.01117   0.03086   0.06435         4       640     0.437    0.5012    0.4429    0.2574   0.03421  0.007233   0.02858
   118/149       22G   0.02271   0.01109   0.02988   0.06368         6       640    0.4538    0.4749    0.4419    0.2566   0.03418  0.007232   0.02854
   119/149       22G   0.02274   0.01114   0.03086   0.06474         3       640    0.4407    0.5059    0.4445    0.2585   0.03414   0.00723   0.02851
   120/149       22G   0.02242   0.01105   0.03056   0.06403         3       640    0.4419    0.5085    0.4454    0.2592   0.03411  0.007229   0.02848
   121/149       22G   0.02256   0.01111   0.03074    0.0644         1       640    0.4421    0.5096    0.4464    0.2603   0.03409  0.007229   0.02844
   122/149       22G   0.02229   0.01098   0.03042   0.06368         1       640    0.4416    0.5095     0.448    0.2615   0.03403  0.007228    0.0284
   123/149       22G   0.02184   0.01109   0.03016   0.06309         2       640    0.4716    0.4659    0.4489     0.262   0.03397  0.007227   0.02836
   124/149       22G   0.02228   0.01106   0.03012   0.06346         5       640    0.4717    0.4683    0.4497    0.2625   0.03392  0.007227   0.02833
   125/149       22G   0.02209   0.01102   0.03065   0.06376         2       640    0.4752    0.4659    0.4503    0.2628   0.03389  0.007226   0.02829
   126/149       22G   0.02217   0.01101   0.03006   0.06324         3       640     0.472    0.4714    0.4532    0.2645   0.03386  0.007225   0.02826
   127/149       22G   0.02263   0.01096   0.03066   0.06425         4       640    0.4626    0.4851    0.4558    0.2653    0.0338  0.007225   0.02822
   128/149       22G   0.02206   0.01098   0.02953   0.06258         4       640    0.4673    0.4802    0.4565    0.2653   0.03376  0.007225   0.02819
   129/149       22G   0.02225   0.01099   0.02988   0.06312         1       640    0.4659    0.4891    0.4573     0.266   0.03373  0.007224   0.02816
   130/149       22G   0.02245   0.01099   0.02977   0.06321         4       640    0.4783    0.4776    0.4586    0.2666   0.03371  0.007223   0.02813
   131/149       22G   0.02218   0.01105   0.03018   0.06342         4       640     0.474    0.4869    0.4588    0.2649   0.03366  0.007223    0.0281
   132/149       22G   0.02219   0.01097   0.02962   0.06278         4       640    0.4767    0.4864    0.4598    0.2656   0.03362  0.007223   0.02806
   133/149       22G   0.02255   0.01087   0.02991   0.06334         2       640    0.5053    0.4698    0.4611     0.266   0.03358  0.007224   0.02804
   134/149       22G    0.0218   0.01095   0.02962   0.06237         1       640     0.505    0.4699    0.4611    0.2661   0.03354  0.007224     0.028
   135/149       22G   0.02204   0.01106   0.02961    0.0627         4       640    0.4952    0.4807    0.4614    0.2662    0.0335  0.007224   0.02797
   136/149       22G   0.02222   0.01095   0.02946   0.06263         2       640    0.4497    0.5286    0.4612     0.266   0.03347  0.007223   0.02794
   137/149       22G   0.02207   0.01086   0.02924   0.06217         2       640    0.4526    0.5256    0.4626    0.2661   0.03341  0.007224    0.0279
   138/149       22G   0.02224   0.01084   0.02957   0.06265         4       640    0.4996    0.4787     0.463    0.2665   0.03336  0.007225   0.02786
   139/149       22G   0.02225   0.01103   0.02974   0.06302         8       640    0.5044    0.4763    0.4633     0.267   0.03332  0.007225   0.02783
   140/149       22G   0.02198   0.01086    0.0291   0.06195         1       640    0.5095    0.4725    0.4649    0.2683   0.03329  0.007226    0.0278
   141/149       22G   0.02214   0.01085   0.02889   0.06188         5       640     0.512    0.4716    0.4652    0.2685   0.03325  0.007225   0.02777
   142/149       22G   0.02223   0.01087   0.02925   0.06235         4       640    0.5126    0.4713    0.4659    0.2693   0.03322  0.007225   0.02774
   143/149       22G   0.02186   0.01074   0.02911   0.06171         4       640    0.5144    0.4689     0.466    0.2697    0.0332  0.007225   0.02772
   144/149       22G   0.02179   0.01081   0.02855   0.06115         1       640    0.5106     0.475    0.4667    0.2702   0.03317  0.007225   0.02769
   145/149       22G   0.02113    0.0108   0.02812   0.06005         2       640    0.5161    0.4708    0.4699    0.2725   0.03313  0.007225   0.02766
   146/149       22G    0.0219   0.01079   0.02869   0.06138         5       640    0.5158    0.4714      0.47    0.2725    0.0331  0.007226   0.02764
   147/149       22G   0.02202   0.01091   0.02892   0.06185         4       640    0.5161    0.4727    0.4714     0.273   0.03308  0.007226   0.02761
   148/149       22G   0.02204   0.01071   0.02895   0.06169         1       640    0.5189    0.4713    0.4724    0.2737   0.03306  0.007226   0.02757
   149/149       22G   0.02211   0.01072   0.02871   0.06154         4       640    0.5205    0.4734     0.473    0.2743   0.03304  0.007226   0.02754
