     0/149     20.2G   0.06173    0.1116    0.3677     0.541         7       640   0.00653    0.4766   0.01259  0.004815   0.05312  0.007131    0.1147
     1/149     22.1G   0.04528   0.01129   0.06995    0.1265         3       640 5.367e-08 0.0006079 1.311e-07 1.311e-08    0.1265      53.6    0.8656
     2/149     22.1G    0.0497   0.01296   0.05491    0.1176        11       640  0.004881    0.1385  0.006362  0.002739   0.06422  0.008941   0.06006
     3/149     22.1G   0.04969   0.01305   0.04901    0.1117         5       640    0.2398    0.1762   0.01034  0.004901   0.05845  0.008749   0.05338
     4/149     22.1G   0.04473    0.0129   0.04437     0.102         8       640     0.476    0.1026   0.01716  0.008363   0.07238  0.007761    0.0521
     5/149     22.1G    0.0421   0.01277   0.04244   0.09731        11       640    0.3777   0.09464   0.01877   0.00955   0.07129  0.007999   0.05078
     6/149     22.1G    0.0416   0.01271   0.04159   0.09589         3       640    0.3075    0.1349   0.02333   0.01201   0.07122    0.0078   0.05093
     7/149     22.1G   0.04099   0.01274   0.04121   0.09494         5       640    0.3643    0.1509   0.02646   0.01318   0.07178  0.007688   0.05075
     8/149     22.1G   0.04036   0.01255   0.03995   0.09286         8       640    0.3027    0.1649   0.02926   0.01465   0.07021  0.007768   0.04935
     9/149     22.1G   0.04101   0.01254    0.0396   0.09315         2       640    0.5135   0.06691    0.0383   0.01963   0.07009   0.00772    0.0489
    10/149     22.1G    0.0419   0.01258   0.03938   0.09386        12       640    0.3593    0.0923   0.04399   0.02341   0.06852  0.007688   0.04834
    11/149     22.1G   0.04148   0.01257   0.03923   0.09328        10       640    0.4667   0.09894   0.04539   0.02261   0.06808  0.007497   0.04764
    12/149     22.1G   0.03938   0.01236   0.03708   0.08882         6       640    0.4348    0.1145   0.05706   0.02906   0.06806  0.007431   0.04681
    13/149     22.1G   0.04178   0.01232   0.03794   0.09203        10       640    0.4698       0.1   0.06294   0.03218   0.06797  0.007383   0.04588
    14/149     22.1G   0.04197   0.01234   0.03777   0.09208         9       640     0.368    0.1365   0.05929    0.0299   0.06754  0.007437   0.04637
    15/149     22.1G   0.04191   0.01226    0.0367   0.09087         6       640    0.5092    0.1252   0.07758   0.04149   0.06753  0.007231   0.04663
    16/149     22.1G   0.04044   0.01225   0.03629   0.08897        15       640    0.4829   0.09918   0.06657   0.03461   0.06791   0.00741   0.04718
    17/149     22.1G   0.04052   0.01215   0.03569   0.08836         6       640    0.4324    0.1606   0.08111   0.04201    0.0669  0.007367    0.0457
    18/149     22.1G   0.04115   0.01222   0.03565   0.08902         5       640    0.4759    0.1307   0.08733   0.04552   0.06663  0.007182    0.0462
    19/149     22.1G   0.04159   0.01209   0.03583   0.08952         5       640    0.6155    0.1225    0.0991   0.05443   0.06664  0.007177   0.04653
    20/149     22.1G   0.04235   0.01207   0.03543   0.08985         3       640     0.598    0.1396     0.112   0.05878   0.06637  0.007156   0.04474
    21/149     22.1G   0.04121   0.01201   0.03461   0.08784        10       640     0.399    0.1729    0.1149   0.06098   0.06622   0.00706   0.04478
    22/149     22.1G   0.04152   0.01196   0.03457   0.08805         4       640    0.5592    0.1573    0.1291   0.06996   0.06592   0.00703   0.04386
    23/149     22.1G   0.04191   0.01198   0.03517   0.08907         7       640    0.5609    0.1463    0.1257   0.06527    0.0662  0.007127   0.04544
    24/149     22.1G   0.04267   0.01209   0.03519   0.08994         2       640    0.5695    0.1465    0.1404   0.07538   0.06622  0.007066   0.04411
    25/149     22.1G   0.04441   0.01216   0.03603   0.09261        11       640    0.5076    0.1875    0.1485   0.07918   0.05226  0.007492   0.04548
    26/149     22.1G   0.04284     0.012   0.03589   0.09072         9       640    0.4944    0.2009    0.1549   0.08472   0.04969  0.007427   0.04178
    27/149     22.1G   0.04426   0.01183   0.03532   0.09141         8       640    0.4837    0.2021    0.1625    0.0867   0.05118   0.00731   0.04335
    28/149     22.1G   0.04573   0.01206   0.03577   0.09355        12       640    0.3797    0.2389     0.167   0.08958   0.05102  0.007334   0.04439
    29/149     22.1G   0.04627   0.01199   0.03677   0.09502         7       640    0.4796    0.2161    0.1766   0.09632   0.05114  0.007258   0.04448
    30/149     22.1G   0.04349   0.01202   0.03675   0.09226         8       640    0.4252    0.2316    0.1798   0.09711   0.05076  0.007305   0.04381
    31/149     22.1G   0.04347   0.01185    0.0364   0.09171         5       640    0.5217    0.2132     0.188    0.1011   0.05087   0.00721   0.04447
    32/149     22.1G   0.04307   0.01189    0.0369   0.09187         5       640    0.4619      0.24    0.1897     0.103   0.05045  0.007295   0.04366
    33/149     22.1G   0.04295   0.01197   0.03636   0.09128        11       640    0.4385    0.2544    0.1918    0.1043   0.05107  0.007368   0.04393
    34/149     22.1G   0.04261   0.01196   0.03604   0.09061         3       640    0.4895    0.2067    0.2012    0.1104   0.04973   0.00723   0.04363
    35/149     22.1G   0.04421   0.01186   0.03496   0.09103         6       640    0.4847    0.2438    0.2062    0.1109   0.05007  0.007203    0.0431
    36/149     22.1G   0.04464   0.01177   0.03475   0.09115         8       640    0.4845    0.2617    0.2165    0.1167    0.0559  0.007099   0.04384
    37/149     22.1G   0.04325   0.01193   0.03532    0.0905         9       640    0.4759    0.2264    0.1964    0.1083   0.05984   0.00716   0.04729
    38/149     22.1G   0.04382   0.01202    0.0356   0.09144         8       640    0.5355    0.2384      0.23    0.1272    0.0476  0.007272   0.04359
    39/149     22.1G   0.04297   0.01187   0.03505   0.08989         2       640    0.4287    0.2809    0.2293    0.1271   0.05724  0.007006   0.04225
    40/149     22.1G   0.04293   0.01182   0.03486   0.08961         8       640    0.5008    0.2392    0.2317     0.134    0.0647  0.006816   0.04212
    41/149     22.1G   0.03946   0.01179   0.03235    0.0836         3       640    0.4288    0.2972    0.2441    0.1385   0.06439  0.006705   0.04179
    42/149     22.1G   0.04112   0.01166   0.03276   0.08554         8       640    0.4491    0.2896     0.256    0.1451   0.06413  0.006721   0.04096
    43/149     22.1G   0.03951   0.01152   0.03139   0.08241         2       640    0.4624     0.277    0.2555    0.1432   0.06408  0.006664   0.04071
    44/149     22.1G    0.0395   0.01157   0.03108   0.08215         6       640    0.4544    0.2941    0.2625    0.1484   0.06433   0.00663   0.04059
    45/149     22.1G   0.04081    0.0122   0.03425   0.08725         4       640    0.5016     0.191    0.1922    0.1064   0.06951  0.007167   0.04779
    46/149     22.1G   0.04045   0.01193   0.03274   0.08512         9       640    0.4807    0.2401    0.2278    0.1269   0.06541  0.006772   0.04386
    47/149     22.1G   0.03946   0.01163   0.03085   0.08193         3       640    0.3897    0.3538    0.2657     0.151   0.06464  0.006669   0.04227
    48/149     22.1G   0.03955    0.0116   0.03057   0.08173         7       640    0.4625    0.3307    0.2829    0.1605   0.06412   0.00661   0.04139
    49/149     22.1G     0.037    0.0114    0.0289    0.0773         6       640    0.4386     0.352    0.2899    0.1666   0.06385  0.006576    0.0409
    50/149     22.1G    0.0374    0.0115   0.02876   0.07765         5       640    0.4837    0.3164     0.296     0.168   0.06385  0.006553   0.04052
    51/149     22.1G   0.03644   0.01152   0.02841   0.07636         8       640     0.526    0.2942    0.3001    0.1726    0.0638  0.006526   0.04035
    52/149     22.1G   0.03858   0.01148   0.02913   0.07919         3       640    0.4893    0.3273    0.3047    0.1748   0.06376   0.00649   0.04027
    53/149     22.1G     0.036   0.01143   0.02794   0.07536         6       640     0.411    0.3608     0.304    0.1764   0.06363  0.006471   0.04016
    54/149     22.1G   0.04004   0.01139   0.02934   0.08076         6       640    0.5177    0.3157    0.3127     0.182   0.06355  0.006455   0.04012
    55/149     22.1G   0.03883   0.01153   0.02874   0.07911        15       640     0.555    0.3029    0.3151    0.1841   0.06353  0.006448   0.04002
    56/149     22.1G   0.03789   0.01127     0.028   0.07716         5       640    0.5332    0.3099    0.3197    0.1859   0.06343  0.006449   0.03996
    57/149     22.1G   0.03699   0.01141   0.02767   0.07607         5       640    0.4164    0.3717    0.3242    0.1886    0.0634   0.00644   0.03985
    58/149     22.1G   0.03765   0.01129    0.0278   0.07674        12       640     0.436    0.3552    0.3282    0.1927   0.06339  0.006414   0.03964
    59/149     22.1G   0.03651   0.01122   0.02705   0.07478         2       640    0.3846    0.4044    0.3314    0.1936   0.06336  0.006405   0.03941
    60/149     22.1G   0.03651   0.01133   0.02745   0.07529         7       640    0.4198    0.3921    0.3355    0.1959   0.06332   0.00639   0.03927
    61/149     22.1G    0.0376   0.01122   0.02732   0.07615         5       640    0.4173    0.3948    0.3387    0.1976   0.06328  0.006382   0.03907
    62/149     22.1G   0.03704   0.01116   0.02674   0.07494         3       640     0.422    0.3858    0.3429    0.2001   0.06324  0.006373   0.03891
    63/149     22.1G   0.03935   0.01116   0.02746   0.07797         8       640    0.4458    0.3645    0.3441    0.2014   0.06321  0.006368   0.03876
    64/149     22.1G   0.03805   0.01109   0.02688   0.07603         5       640    0.4042    0.4084    0.3478    0.2038    0.0632  0.006361   0.03863
    65/149     22.1G   0.03538   0.01114   0.02618    0.0727         2       640    0.4139    0.4029    0.3501    0.2057   0.06314  0.006358   0.03851
    66/149     22.1G   0.03827   0.01114   0.02679   0.07619         4       640    0.4274    0.3979    0.3529    0.2068   0.06313  0.006354   0.03837
    67/149     22.1G   0.03778   0.01114   0.02714   0.07605         7       640    0.4005    0.4146    0.3519    0.2068   0.06309  0.006348   0.03822
    68/149     22.1G   0.03893   0.01102   0.02721   0.07716         2       640    0.4576     0.375     0.356    0.2091   0.06307  0.006344   0.03803
    69/149     22.1G     0.038   0.01143   0.02846   0.07789         7       640    0.4432    0.3844    0.3599     0.211   0.06308  0.006333   0.03793
    70/149     22.1G   0.03808   0.01117   0.02809   0.07734         5       640    0.4396    0.3904    0.3582    0.2108     0.063  0.006328   0.03783
    71/149     22.1G    0.0386   0.01116   0.02876   0.07852         2       640    0.4672     0.368    0.3648    0.2151   0.06294  0.006321   0.03758
    72/149     22.1G   0.03941   0.01116   0.02856   0.07912         4       640    0.4597    0.3754    0.3659     0.215    0.0629  0.006315    0.0373
    73/149     22.1G   0.03888   0.01118   0.02829   0.07835        25       640     0.492    0.3567    0.3683    0.2176   0.06288  0.006311   0.03698
    74/149     22.1G   0.03597   0.01099   0.02633   0.07329         9       640     0.483    0.3622    0.3706    0.2187   0.06283  0.006309   0.03667
    75/149     22.1G   0.03732   0.01089   0.02726   0.07547         8       640    0.4761    0.3655    0.3722    0.2191   0.06281  0.006306   0.03638
    76/149     22.1G   0.03934   0.01107   0.02868   0.07909         3       640    0.4716    0.3697    0.3716     0.219   0.06283    0.0063    0.0361
    77/149     22.1G   0.04511   0.01201   0.03476   0.09188         5       640    0.4567    0.3826    0.3378    0.1984   0.06332  0.006492     0.037
    78/149     22.1G   0.04305   0.01146   0.03119    0.0857         7       640    0.4697    0.3288    0.3077    0.1762   0.06428  0.006725   0.03788
    79/149     22.1G   0.04173   0.01122    0.0291   0.08204        12       640    0.4528    0.3138     0.291    0.1661   0.06493  0.006876   0.03842
    80/149     22.1G    0.0434   0.01117   0.02968   0.08426        11       640    0.4565    0.3032    0.2827    0.1614   0.06526  0.006953   0.03863
    81/149     22.1G    0.0414   0.01118   0.02901   0.08159         5       640    0.5014    0.2832    0.2813    0.1602   0.06536  0.006993   0.03864
    82/149     22.1G   0.04384   0.01108   0.02903   0.08394         7       640    0.4534    0.3082    0.2806    0.1601   0.06484  0.007011   0.03855
    83/149     22.1G   0.04244   0.01103   0.02864   0.08211         7       640    0.4525    0.3102     0.283    0.1613   0.06265  0.007034   0.03837
    84/149     22.1G   0.04185   0.01107   0.02874   0.08167         9       640    0.4557    0.3118     0.288    0.1646   0.05979  0.007089   0.03814
    85/149     22.1G   0.04244     0.011   0.02873   0.08218         9       640    0.4577    0.3135    0.2925    0.1674   0.05641  0.007178   0.03792
    86/149     22.1G   0.04448   0.01105   0.02918   0.08471        13       640    0.4673    0.3105    0.2964    0.1704   0.05301  0.007265    0.0377
    87/149     22.1G   0.04266   0.01102   0.02876   0.08244         9       640    0.4437    0.3298    0.2993    0.1723   0.05067  0.007316   0.03748
    88/149     22.1G   0.04145   0.01084   0.02777   0.08006         5       640    0.4466    0.3383    0.3044    0.1757   0.04938  0.007329   0.03727
    89/149     22.1G   0.04289   0.01097   0.02887   0.08273         5       640    0.4424    0.3499    0.3081    0.1781   0.04873  0.007316   0.03706
    90/149     22.1G   0.04387   0.01098   0.02849   0.08334         6       640    0.4152    0.3831    0.3133    0.1807   0.04841  0.007297   0.03685
    91/149     22.1G    0.0403   0.01097   0.02712   0.07839         9       640    0.4238    0.3857    0.3133    0.1802    0.0483  0.007277   0.03667
    92/149     22.1G   0.04041   0.01091   0.02761   0.07892        11       640    0.4434    0.3694    0.3171    0.1828   0.04828  0.007253   0.03649
    93/149     22.1G   0.04354   0.01098   0.02837   0.08289         5       640    0.4183    0.3905    0.3205    0.1845   0.04826  0.007229    0.0363
    94/149     22.1G   0.04485    0.0109   0.02883   0.08458         4       640    0.4192    0.3937    0.3227    0.1873   0.04823  0.007208   0.03612
    95/149     22.1G   0.04326   0.01089   0.02842   0.08256         2       640    0.4278    0.3938    0.3257    0.1891   0.04821  0.007188   0.03595
    96/149     22.1G   0.04304   0.01081   0.02799   0.08183         5       640    0.4307    0.3953    0.3314    0.1931    0.0482  0.007167   0.03578
    97/149     22.1G   0.04091   0.01074   0.02747   0.07912        10       640    0.4331     0.393    0.3316    0.1919   0.04819  0.007147   0.03563
    98/149     22.1G   0.03874   0.01091   0.02851   0.07816         6       640    0.4209    0.4004    0.3352    0.1938   0.04819  0.007129   0.03549
    99/149     22.1G   0.03953   0.01074   0.02846   0.07873        13       640    0.4213     0.404    0.3378     0.195   0.04818  0.007112   0.03536
   100/149     22.1G   0.04033   0.01086   0.02864   0.07983         5       640    0.4121    0.4104    0.3408    0.1969   0.04818  0.007096   0.03524
   101/149     22.1G   0.03999   0.01071   0.02782   0.07853         3       640    0.4149     0.417    0.3429    0.1983   0.04818   0.00708   0.03511
   102/149     22.1G   0.04132   0.01079     0.029   0.08112         6       640    0.4088    0.4369    0.3452    0.1998   0.04817  0.007063   0.03499
   103/149     22.1G   0.04032   0.01092   0.02866    0.0799         4       640    0.4144     0.434     0.349    0.2016   0.04817  0.007047   0.03486
   104/149     22.1G   0.04122    0.0108   0.02837   0.08038         7       640      0.42    0.4273    0.3524     0.204   0.04817  0.007032   0.03475
   105/149     22.1G   0.03982   0.01081   0.02827    0.0789         3       640    0.4194    0.4347    0.3528    0.2039   0.04816  0.007017   0.03464
   106/149     22.1G   0.03901   0.01067   0.02784   0.07752         1       640    0.4283     0.425    0.3536    0.2044   0.04815  0.007004   0.03453
   107/149     22.1G   0.04009   0.01077   0.02814     0.079        12       640    0.4288    0.4313    0.3538    0.2045   0.04816  0.006991   0.03443
   108/149     22.1G   0.03925   0.01068   0.02808   0.07802         3       640    0.4296     0.434    0.3562    0.2055   0.04816  0.006979   0.03433
   109/149     22.1G   0.04138   0.01057   0.02814   0.08009         2       640    0.4329    0.4288    0.3591    0.2069   0.04815  0.006968   0.03423
   110/149     22.1G   0.03949   0.01066   0.02811   0.07826        23       640    0.4379    0.4228    0.3611    0.2075   0.04815  0.006957   0.03413
   111/149     22.1G   0.03959   0.01066    0.0275   0.07775         9       640     0.438    0.4215    0.3654    0.2108   0.04813  0.006946   0.03402
   112/149     22.1G   0.04163   0.01072   0.02855    0.0809         5       640    0.4379    0.4249    0.3676    0.2121   0.04812  0.006936   0.03391
   113/149     22.1G   0.04081   0.01068   0.02889   0.08039         6       640    0.4392    0.4239      0.37    0.2136   0.04812  0.006926   0.03382
   114/149     22.1G   0.03866   0.01058   0.02713   0.07637         8       640    0.4447     0.425    0.3733    0.2153   0.04811  0.006916   0.03374
   115/149     22.1G   0.03889   0.01064   0.02742   0.07695        11       640    0.4363    0.4242     0.377    0.2177   0.04809  0.006907   0.03365
   116/149     22.1G   0.03861   0.01051    0.0277   0.07681        11       640    0.4422     0.423    0.3783    0.2187   0.04808  0.006898   0.03357
   117/149     22.1G   0.04068   0.01049   0.02827   0.07945         2       640    0.4293    0.4259    0.3799    0.2191   0.04807  0.006887   0.03349
   118/149     22.1G   0.04047   0.01048   0.02766   0.07862        10       640    0.4332    0.4292    0.3814      0.22   0.04806  0.006878   0.03341
   119/149     22.1G   0.03925   0.01062   0.02742   0.07729        12       640     0.433    0.4321    0.3829    0.2214   0.04804   0.00687   0.03333
   120/149     22.1G   0.03836   0.01041   0.02694    0.0757         5       640    0.4364    0.4309    0.3812    0.2223   0.04803  0.006863   0.03325
   121/149     22.1G   0.03809    0.0105    0.0268   0.07538         6       640    0.4341    0.4387     0.385    0.2246     0.048  0.006856   0.03318
   122/149     22.1G   0.03936   0.01044   0.02709   0.07689         3       640    0.4284    0.4464    0.3881    0.2265   0.04798  0.006848    0.0331
   123/149     22.1G   0.03803   0.01046   0.02656   0.07505         7       640    0.4307    0.4405    0.3877    0.2267   0.04797  0.006847   0.03305
   124/149     22.1G   0.03928    0.0105    0.0273   0.07708        13       640     0.458    0.4241    0.3877    0.2266   0.04794  0.006841   0.03298
   125/149     22.1G   0.03834   0.01035   0.02715   0.07584         6       640    0.4366    0.4385    0.3889    0.2267   0.04792  0.006835   0.03292
   126/149     22.1G   0.03787   0.01034   0.02675   0.07495         3       640    0.4416    0.4395     0.391    0.2272    0.0479  0.006829   0.03285
   127/149     22.1G   0.04008   0.01028   0.02776   0.07812         8       640    0.4448    0.4371     0.391    0.2282   0.04787  0.006824   0.03279
   128/149     22.1G   0.03847   0.01038   0.02707   0.07592         6       640    0.4478    0.4363    0.3916    0.2284   0.04785  0.006819   0.03272
   129/149     22.1G   0.03997   0.01037    0.0272   0.07753         2       640     0.444    0.4421    0.3921    0.2286   0.04783  0.006814   0.03266
   130/149     22.1G   0.03928   0.01041   0.02675   0.07643         6       640    0.4506    0.4354     0.394    0.2297    0.0478   0.00681    0.0326
   131/149     22.1G   0.03864    0.0104   0.02667   0.07571         3       640    0.4443    0.4427    0.3947    0.2302   0.04777  0.006807   0.03255
   132/149     22.1G   0.03964   0.01036   0.02694   0.07695         7       640    0.4465    0.4431    0.3963     0.231   0.04774  0.006803   0.03249
   133/149     22.1G   0.04015   0.01026   0.02723   0.07764         6       640    0.4471    0.4413    0.3973    0.2317   0.04771  0.006799   0.03244
   134/149     22.1G   0.03871   0.01038   0.02673   0.07582         3       640    0.4799    0.4124    0.3974    0.2317   0.04768  0.006795   0.03238
   135/149     22.1G   0.03895   0.01043   0.02675   0.07613         5       640    0.4859     0.411     0.399    0.2321   0.04766  0.006791   0.03233
   136/149     22.1G   0.03906   0.01032   0.02686   0.07624         6       640    0.4882    0.4094     0.401    0.2329   0.04764  0.006788   0.03228
   137/149     22.1G   0.03866   0.01026   0.02691   0.07582         6       640    0.4875    0.4101    0.4027    0.2341   0.04763  0.006784   0.03222
   138/149     22.1G   0.03855   0.01024   0.02684   0.07563         4       640    0.4862    0.4133    0.4033    0.2347   0.04761  0.006781   0.03217
   139/149     22.1G   0.03868    0.0104   0.02722   0.07629         3       640    0.4841    0.4161    0.4061    0.2368   0.04759  0.006777   0.03212
   140/149     22.1G   0.03783    0.0103   0.02719   0.07532         8       640    0.4846    0.4183    0.4097    0.2388   0.04757  0.006774   0.03207
   141/149     22.1G   0.03698   0.01022   0.02567   0.07288         9       640    0.5036     0.401    0.4111    0.2392   0.04755   0.00677   0.03202
   142/149     22.1G   0.03794   0.01023   0.02675   0.07492         5       640    0.5049    0.4005     0.415    0.2419   0.04753  0.006768   0.03197
   143/149     22.1G   0.03916   0.01024   0.02733   0.07673         8       640    0.5062    0.4008    0.4162    0.2425   0.04751  0.006766   0.03192
   144/149     22.1G   0.03851   0.01026   0.02659   0.07536         8       640    0.5038    0.4067    0.4175    0.2436   0.04749  0.006764   0.03187
   145/149     22.1G    0.0383   0.01024    0.0259   0.07444         6       640    0.5051    0.4018    0.4189    0.2444   0.04747  0.006761   0.03183
   146/149     22.1G   0.03942   0.01019   0.02704   0.07666         7       640    0.4912     0.418    0.4211    0.2461   0.04746  0.006759   0.03179
   147/149     22.1G   0.03855   0.01029   0.02688   0.07573         7       640    0.4895    0.4227    0.4242    0.2471   0.04743  0.006758   0.03174
   148/149     22.1G   0.03853   0.01015   0.02654   0.07522         6       640    0.4911    0.4234    0.4253    0.2482   0.04741  0.006756    0.0317
   149/149     22.1G   0.04015   0.01018    0.0275   0.07783         7       640    0.4745    0.4289    0.4265    0.2494   0.04738  0.006753   0.03165
